{
 "cells": [
  {
   "cell_type": "code",
   "execution_count": 1,
   "metadata": {},
   "outputs": [],
   "source": [
    "import numpy as np\n",
    "\n",
    "from src.state import CouriersGeneticAlgorithmState\n",
    "from src.baseline import BaselineGeneticAlgorithm\n",
    "from src.mutations import courier_mutation\n",
    "from src.crossovers import courier_2_parents_crossover\n",
    "from src.cost_func import DistanceCost"
   ]
  },
  {
   "cell_type": "code",
   "execution_count": 2,
   "metadata": {},
   "outputs": [],
   "source": [
    "POPULATION_SIZE = 200\n",
    "CAPACITY = [2500, 1500, 1500, 500]\n",
    "DEMAND = [0, 100, 100, 200, 400, 200, 400, 800, 800, 100, 200, 100, 200, 400, 400, 800, 800]\n",
    "RANDOM_STATE = 100\n",
    "\n",
    "SALARY = [100, 80, 80, 60]\n",
    "DIST_MATRIX = [\n",
    "    [0, 5.48, 7.76, 6.96, 5.82, 2.74, 5.02, 1.94, 3.08, 1.94, 5.36, 5.02, 3.88, 3.54, 4.68, 7.76, 6.62],\n",
    "    [5.48, 0, 6.84, 3.08, 1.94, 5.02, 7.30, 3.54, 6.96, 7.42, 10.84, 5.94, 4.80, 6.74, 10.16, 8.68, 12.10],\n",
    "    [7.76, 6.84, 0, 9.92, 8.78, 5.02, 2.74, 8.10, 4.68, 7.42, 4.00, 12.78, 11.64, 11.30, 7.88, 15.52, 7.54],\n",
    "    [6.96, 3.08, 9.92, 0, 1.14, 6.50, 8.78, 5.02, 8.44, 8.90, 12.32, 5.14, 6.28, 8.22, 11.64, 5.60, 13.58],\n",
    "    [5.82, 1.94, 8.78, 1.14, 0, 5.36, 7.64, 3.88, 7.30, 7.76, 11.18, 4.00, 5.14, 7.08, 10.50, 6.74, 12.44],\n",
    "    [2.74, 5.02, 5.02, 6.50, 5.36, 0, 2.28, 3.08, 1.94, 2.40, 5.82, 7.76, 6.62, 6.28, 5.14, 10.50, 7.08],\n",
    "    [5.02, 7.30, 2.74, 8.78, 7.64, 2.28, 0, 5.36, 1.94, 4.68, 3.54, 10.04, 8.90, 8.56, 5.14, 12.78, 4.80],\n",
    "    [1.94, 3.54, 8.10, 5.02, 3.88, 3.08, 5.36, 0, 3.42, 3.88, 7.30, 4.68, 3.54, 3.20, 6.62, 7.42, 8.56],\n",
    "    [3.08, 6.96, 4.68, 8.44, 7.30, 1.94, 1.94, 3.42, 0, 2.74, 3.88, 8.10, 6.96, 6.62, 3.20, 10.84, 5.14],\n",
    "    [1.94, 7.42, 7.42, 8.90, 7.76, 2.40, 4.68, 3.88, 2.74, 0, 3.42, 5.36, 4.22, 3.88, 2.74, 8.10, 4.68],\n",
    "    [5.36, 10.84, 4.00, 12.32, 11.18, 5.82, 3.54, 7.30, 3.88, 3.42, 0, 8.78, 7.64, 7.30, 3.88, 11.52, 3.54],\n",
    "    [5.02, 5.94, 12.78, 5.14, 4.00, 7.76, 10.04, 4.68, 8.10, 5.36, 8.78, 0, 1.14, 3.08, 6.50, 2.74, 8.44],\n",
    "    [3.88, 4.80, 11.64, 6.28, 5.14, 6.62, 8.90, 3.54, 6.96, 4.22, 7.64, 1.14, 0, 1.94, 5.36, 3.88, 7.30],\n",
    "    [3.54, 6.74, 11.30, 8.22, 7.08, 6.28, 8.56, 3.20, 6.62, 3.88, 7.30, 3.08, 1.94, 0, 3.42, 4.22, 5.36],\n",
    "    [4.68, 10.16, 7.88, 11.64, 10.50, 5.14, 5.14, 6.62, 3.20, 2.74, 3.88, 6.50, 5.36, 3.42, 0, 7.64, 1.94],\n",
    "    [7.76, 8.68, 15.52, 5.60, 6.74, 10.50, 12.78, 7.42, 10.84, 8.10, 11.52, 2.74, 3.88, 4.22, 7.64, 0, 7.98],\n",
    "    [6.62, 12.10, 7.54, 13.58, 12.44, 7.08, 4.80, 8.56, 5.14, 4.68, 3.54, 8.44, 7.30, 5.36, 1.94, 7.98, 0]\n",
    "]"
   ]
  },
  {
   "cell_type": "code",
   "execution_count": 3,
   "metadata": {},
   "outputs": [
    {
     "name": "stderr",
     "output_type": "stream",
     "text": [
      "\u001b[32m2024-03-31 00:03:24.320\u001b[0m | \u001b[1mINFO    \u001b[0m | \u001b[36msrc.state\u001b[0m:\u001b[36m__init__\u001b[0m:\u001b[36m74\u001b[0m - \u001b[1mAverage Num retries: 25.324999999999246\u001b[0m\n"
     ]
    }
   ],
   "source": [
    "current_state = CouriersGeneticAlgorithmState(\n",
    "    capacity=CAPACITY,\n",
    "    demand=DEMAND,\n",
    "    population_size=POPULATION_SIZE,\n",
    "    random_state=RANDOM_STATE\n",
    ")"
   ]
  },
  {
   "cell_type": "code",
   "execution_count": 4,
   "metadata": {},
   "outputs": [],
   "source": [
    "cost_function = DistanceCost(\n",
    "    salary=SALARY,\n",
    "    dist_matrix=DIST_MATRIX,\n",
    ")\n",
    "\n",
    "algo = BaselineGeneticAlgorithm(\n",
    "    state=current_state,\n",
    "    eval_functions=[cost_function],\n",
    "    mutation_function=courier_mutation,\n",
    "    mating_function=courier_2_parents_crossover,\n",
    ")"
   ]
  },
  {
   "cell_type": "code",
   "execution_count": 5,
   "metadata": {},
   "outputs": [
    {
     "ename": "ValueError",
     "evalue": "operands could not be broadcast together with shapes (0,) (4,) ",
     "output_type": "error",
     "traceback": [
      "\u001b[0;31m---------------------------------------------------------------------------\u001b[0m",
      "\u001b[0;31mValueError\u001b[0m                                Traceback (most recent call last)",
      "Cell \u001b[0;32mIn[5], line 1\u001b[0m\n\u001b[0;32m----> 1\u001b[0m \u001b[43malgo\u001b[49m\u001b[38;5;241;43m.\u001b[39;49m\u001b[43mget_best\u001b[49m\u001b[43m(\u001b[49m\u001b[43m)\u001b[49m\n",
      "File \u001b[0;32m~/projects/MMDMLab1/src/baseline.py:74\u001b[0m, in \u001b[0;36mBaselineGeneticAlgorithm.get_best\u001b[0;34m(self)\u001b[0m\n\u001b[1;32m     72\u001b[0m eval_results \u001b[38;5;241m=\u001b[39m []\n\u001b[1;32m     73\u001b[0m \u001b[38;5;28;01mfor\u001b[39;00m pop \u001b[38;5;129;01min\u001b[39;00m \u001b[38;5;28mself\u001b[39m\u001b[38;5;241m.\u001b[39m_state\u001b[38;5;241m.\u001b[39mpopulation:\n\u001b[0;32m---> 74\u001b[0m     pop_eval_result \u001b[38;5;241m=\u001b[39m [f(pop) \u001b[38;5;28;01mfor\u001b[39;00m f \u001b[38;5;129;01min\u001b[39;00m \u001b[38;5;28mself\u001b[39m\u001b[38;5;241m.\u001b[39m_eval_functions]\n\u001b[1;32m     75\u001b[0m     eval_results\u001b[38;5;241m.\u001b[39mappend(pop_eval_result)\n\u001b[1;32m     76\u001b[0m eval_results \u001b[38;5;241m=\u001b[39m np\u001b[38;5;241m.\u001b[39marray(eval_results)\n",
      "File \u001b[0;32m~/projects/MMDMLab1/src/baseline.py:74\u001b[0m, in \u001b[0;36m<listcomp>\u001b[0;34m(.0)\u001b[0m\n\u001b[1;32m     72\u001b[0m eval_results \u001b[38;5;241m=\u001b[39m []\n\u001b[1;32m     73\u001b[0m \u001b[38;5;28;01mfor\u001b[39;00m pop \u001b[38;5;129;01min\u001b[39;00m \u001b[38;5;28mself\u001b[39m\u001b[38;5;241m.\u001b[39m_state\u001b[38;5;241m.\u001b[39mpopulation:\n\u001b[0;32m---> 74\u001b[0m     pop_eval_result \u001b[38;5;241m=\u001b[39m [\u001b[43mf\u001b[49m\u001b[43m(\u001b[49m\u001b[43mpop\u001b[49m\u001b[43m)\u001b[49m \u001b[38;5;28;01mfor\u001b[39;00m f \u001b[38;5;129;01min\u001b[39;00m \u001b[38;5;28mself\u001b[39m\u001b[38;5;241m.\u001b[39m_eval_functions]\n\u001b[1;32m     75\u001b[0m     eval_results\u001b[38;5;241m.\u001b[39mappend(pop_eval_result)\n\u001b[1;32m     76\u001b[0m eval_results \u001b[38;5;241m=\u001b[39m np\u001b[38;5;241m.\u001b[39marray(eval_results)\n",
      "File \u001b[0;32m~/projects/MMDMLab1/src/cost_func.py:37\u001b[0m, in \u001b[0;36mDistanceCost.__call__\u001b[0;34m(self, route)\u001b[0m\n\u001b[1;32m     34\u001b[0m     total_distance\u001b[38;5;241m.\u001b[39mappend(\u001b[38;5;28msum\u001b[39m(courier_distance))\n\u001b[1;32m     36\u001b[0m total_distance \u001b[38;5;241m=\u001b[39m np\u001b[38;5;241m.\u001b[39marray(total_distance)\n\u001b[0;32m---> 37\u001b[0m total_costs \u001b[38;5;241m=\u001b[39m \u001b[43mnp\u001b[49m\u001b[38;5;241;43m.\u001b[39;49m\u001b[43mmultiply\u001b[49m\u001b[43m(\u001b[49m\u001b[43mtotal_distance\u001b[49m\u001b[43m,\u001b[49m\u001b[43m \u001b[49m\u001b[38;5;28;43mself\u001b[39;49m\u001b[38;5;241;43m.\u001b[39;49m\u001b[43m_salary\u001b[49m\u001b[43m)\u001b[49m\u001b[38;5;241m.\u001b[39msum() \n\u001b[1;32m     39\u001b[0m \u001b[38;5;28;01mreturn\u001b[39;00m total_costs\n",
      "\u001b[0;31mValueError\u001b[0m: operands could not be broadcast together with shapes (0,) (4,) "
     ]
    }
   ],
   "source": [
    "algo.get_best()"
   ]
  },
  {
   "cell_type": "code",
   "execution_count": null,
   "metadata": {},
   "outputs": [
    {
     "data": {
      "text/plain": [
       "[[[], [12, 15, 3], [6, 2], [16, 14, 9, 11, 13, 7, 10, 8, 5, 4, 1]]]"
      ]
     },
     "execution_count": 6,
     "metadata": {},
     "output_type": "execute_result"
    }
   ],
   "source": [
    "algo.select(keep_share=0.5)\n",
    "algo.get_best()"
   ]
  },
  {
   "cell_type": "code",
   "execution_count": null,
   "metadata": {},
   "outputs": [
    {
     "data": {
      "text/plain": [
       "[[[], [], [], [5, 7, 11, 16, 13, 12, 10, 9, 8, 6, 4, 3, 14, 2, 1, 15]]]"
      ]
     },
     "execution_count": 7,
     "metadata": {},
     "output_type": "execute_result"
    }
   ],
   "source": [
    "algo.mate()\n",
    "algo.get_best()"
   ]
  },
  {
   "cell_type": "code",
   "execution_count": null,
   "metadata": {},
   "outputs": [
    {
     "data": {
      "text/plain": [
       "[[[], [], [], [5, 7, 11, 16, 13, 12, 10, 9, 8, 6, 4, 3, 14, 2, 1, 15]]]"
      ]
     },
     "execution_count": 8,
     "metadata": {},
     "output_type": "execute_result"
    }
   ],
   "source": [
    "algo.mutate(delta=0.5)\n",
    "algo.get_best()"
   ]
  },
  {
   "cell_type": "code",
   "execution_count": null,
   "metadata": {},
   "outputs": [
    {
     "data": {
      "text/plain": [
       "[[[], [], [], [13, 12, 15, 11, 3, 4, 1, 2, 6, 16, 14, 10, 9, 5, 8, 7]],\n",
       " [[], [], [], [13, 12, 15, 11, 3, 4, 1, 2, 6, 16, 14, 10, 9, 8, 5, 7]]]"
      ]
     },
     "execution_count": 9,
     "metadata": {},
     "output_type": "execute_result"
    }
   ],
   "source": [
    "for i in range(1, 100):\n",
    "    algo.select(keep_share=0.1)\n",
    "    algo.mate()\n",
    "    algo.mutate(delta=1/np.sqrt(i))\n",
    "\n",
    "algo.get_best()"
   ]
  },
  {
   "cell_type": "code",
   "execution_count": null,
   "metadata": {},
   "outputs": [
    {
     "data": {
      "text/plain": [
       "10351999.999999998"
      ]
     },
     "execution_count": 10,
     "metadata": {},
     "output_type": "execute_result"
    }
   ],
   "source": [
    "distance_cost([np.array([14]), np.array([10, 11, 2, 12, 7, 15]), np.array([6, 3, 5, 1, 13, 8]), np.array([4, 16, 9])])"
   ]
  }
 ],
 "metadata": {
  "kernelspec": {
   "display_name": "mmdmlab1-JHMTIYWg-py3.10",
   "language": "python",
   "name": "python3"
  },
  "language_info": {
   "codemirror_mode": {
    "name": "ipython",
    "version": 3
   },
   "file_extension": ".py",
   "mimetype": "text/x-python",
   "name": "python",
   "nbconvert_exporter": "python",
   "pygments_lexer": "ipython3",
   "version": "3.10.12"
  }
 },
 "nbformat": 4,
 "nbformat_minor": 2
}
