{
 "cells": [
  {
   "cell_type": "code",
   "execution_count": 1,
   "metadata": {},
   "outputs": [],
   "source": [
    "import numpy as np\n",
    "\n",
    "from src.state import CouriersGeneticAlgorithmState\n",
    "from src.baseline import BaselineGeneticAlgorithm\n",
    "from src.mutations import courier_mutation\n",
    "from src.crossovers import courier_2_parents_crossover\n",
    "from src.cost_func import DistanceCost"
   ]
  },
  {
   "cell_type": "code",
   "execution_count": 2,
   "metadata": {},
   "outputs": [],
   "source": [
    "POPULATION_SIZE = 1000\n",
    "CAPACITY = [2500, 2000, 1000, 500]\n",
    "DEMAND = [0, 100, 100, 200, 400, 200, 400, 800, 800, 100, 200, 100, 200, 400, 400, 800, 800]\n",
    "RANDOM_STATE = 100\n",
    "\n",
    "SALARY = [100, 100, 100, 100]\n",
    "DIST_MATRIX = [\n",
    "    [0, 5.48, 7.76, 6.96, 5.82, 2.74, 5.02, 1.94, 3.08, 1.94, 5.36, 5.02, 3.88, 3.54, 4.68, 7.76, 6.62],\n",
    "    [5.48, 0, 6.84, 3.08, 1.94, 5.02, 7.30, 3.54, 6.96, 7.42, 10.84, 5.94, 4.80, 6.74, 10.16, 8.68, 12.10],\n",
    "    [7.76, 6.84, 0, 9.92, 8.78, 5.02, 2.74, 8.10, 4.68, 7.42, 4.00, 12.78, 11.64, 11.30, 7.88, 15.52, 7.54],\n",
    "    [6.96, 3.08, 9.92, 0, 1.14, 6.50, 8.78, 5.02, 8.44, 8.90, 12.32, 5.14, 6.28, 8.22, 11.64, 5.60, 13.58],\n",
    "    [5.82, 1.94, 8.78, 1.14, 0, 5.36, 7.64, 3.88, 7.30, 7.76, 11.18, 4.00, 5.14, 7.08, 10.50, 6.74, 12.44],\n",
    "    [2.74, 5.02, 5.02, 6.50, 5.36, 0, 2.28, 3.08, 1.94, 2.40, 5.82, 7.76, 6.62, 6.28, 5.14, 10.50, 7.08],\n",
    "    [5.02, 7.30, 2.74, 8.78, 7.64, 2.28, 0, 5.36, 1.94, 4.68, 3.54, 10.04, 8.90, 8.56, 5.14, 12.78, 4.80],\n",
    "    [1.94, 3.54, 8.10, 5.02, 3.88, 3.08, 5.36, 0, 3.42, 3.88, 7.30, 4.68, 3.54, 3.20, 6.62, 7.42, 8.56],\n",
    "    [3.08, 6.96, 4.68, 8.44, 7.30, 1.94, 1.94, 3.42, 0, 2.74, 3.88, 8.10, 6.96, 6.62, 3.20, 10.84, 5.14],\n",
    "    [1.94, 7.42, 7.42, 8.90, 7.76, 2.40, 4.68, 3.88, 2.74, 0, 3.42, 5.36, 4.22, 3.88, 2.74, 8.10, 4.68],\n",
    "    [5.36, 10.84, 4.00, 12.32, 11.18, 5.82, 3.54, 7.30, 3.88, 3.42, 0, 8.78, 7.64, 7.30, 3.88, 11.52, 3.54],\n",
    "    [5.02, 5.94, 12.78, 5.14, 4.00, 7.76, 10.04, 4.68, 8.10, 5.36, 8.78, 0, 1.14, 3.08, 6.50, 2.74, 8.44],\n",
    "    [3.88, 4.80, 11.64, 6.28, 5.14, 6.62, 8.90, 3.54, 6.96, 4.22, 7.64, 1.14, 0, 1.94, 5.36, 3.88, 7.30],\n",
    "    [3.54, 6.74, 11.30, 8.22, 7.08, 6.28, 8.56, 3.20, 6.62, 3.88, 7.30, 3.08, 1.94, 0, 3.42, 4.22, 5.36],\n",
    "    [4.68, 10.16, 7.88, 11.64, 10.50, 5.14, 5.14, 6.62, 3.20, 2.74, 3.88, 6.50, 5.36, 3.42, 0, 7.64, 1.94],\n",
    "    [7.76, 8.68, 15.52, 5.60, 6.74, 10.50, 12.78, 7.42, 10.84, 8.10, 11.52, 2.74, 3.88, 4.22, 7.64, 0, 7.98],\n",
    "    [6.62, 12.10, 7.54, 13.58, 12.44, 7.08, 4.80, 8.56, 5.14, 4.68, 3.54, 8.44, 7.30, 5.36, 1.94, 7.98, 0]\n",
    "]"
   ]
  },
  {
   "cell_type": "code",
   "execution_count": 3,
   "metadata": {},
   "outputs": [
    {
     "name": "stderr",
     "output_type": "stream",
     "text": [
      "\u001b[32m2024-04-02 17:13:15.268\u001b[0m | \u001b[1mINFO    \u001b[0m | \u001b[36msrc.state\u001b[0m:\u001b[36m__init__\u001b[0m:\u001b[36m77\u001b[0m - \u001b[1mAverage Num retries: 5.6320000000002155\u001b[0m\n"
     ]
    }
   ],
   "source": [
    "current_state = CouriersGeneticAlgorithmState(\n",
    "    capacity=CAPACITY,\n",
    "    demand=DEMAND,\n",
    "    population_size=POPULATION_SIZE,\n",
    "    random_state=RANDOM_STATE\n",
    ")"
   ]
  },
  {
   "cell_type": "code",
   "execution_count": 4,
   "metadata": {},
   "outputs": [],
   "source": [
    "cost_function = DistanceCost(\n",
    "    salary=SALARY,\n",
    "    dist_matrix=DIST_MATRIX,\n",
    ")\n",
    "\n",
    "algo = BaselineGeneticAlgorithm(\n",
    "    state=current_state,\n",
    "    eval_function=cost_function,\n",
    "    mutation_function=courier_mutation,\n",
    "    mating_function=courier_2_parents_crossover,\n",
    ")"
   ]
  },
  {
   "cell_type": "code",
   "execution_count": 5,
   "metadata": {},
   "outputs": [
    {
     "data": {
      "text/plain": [
       "8764.0"
      ]
     },
     "execution_count": 5,
     "metadata": {},
     "output_type": "execute_result"
    }
   ],
   "source": [
    "cur_best = algo.get_best()\n",
    "\n",
    "cost_function(cur_best)"
   ]
  },
  {
   "cell_type": "code",
   "execution_count": 6,
   "metadata": {},
   "outputs": [
    {
     "data": {
      "text/plain": [
       "[[3, 15, 11, 16, 14, 10], [8, 1, 4, 2, 5, 6], [7, 12], [13, 9]]"
      ]
     },
     "execution_count": 6,
     "metadata": {},
     "output_type": "execute_result"
    }
   ],
   "source": [
    "algo.select(keep_share=0.5)\n",
    "algo.mate()\n",
    "algo.mutate(delta=5)\n",
    "\n",
    "cur_best = algo.get_best()\n",
    "\n",
    "cur_best"
   ]
  },
  {
   "cell_type": "code",
   "execution_count": 7,
   "metadata": {},
   "outputs": [
    {
     "data": {
      "text/plain": [
       "8672.0"
      ]
     },
     "execution_count": 7,
     "metadata": {},
     "output_type": "execute_result"
    }
   ],
   "source": [
    "cost_function(cur_best)"
   ]
  },
  {
   "cell_type": "code",
   "execution_count": 8,
   "metadata": {},
   "outputs": [
    {
     "name": "stderr",
     "output_type": "stream",
     "text": [
      "  2%|▏         | 1/49 [00:06<05:15,  6.56s/it]"
     ]
    },
    {
     "name": "stdout",
     "output_type": "stream",
     "text": [
      "Score after 1 iterations: 8516.0. Best: [[16, 6, 5, 8, 2, 10], [13, 15, 11, 1, 12, 4], [7, 3], [14, 9]]\n"
     ]
    },
    {
     "name": "stderr",
     "output_type": "stream",
     "text": [
      "  6%|▌         | 3/49 [00:19<04:53,  6.39s/it]"
     ]
    },
    {
     "name": "stdout",
     "output_type": "stream",
     "text": [
      "Score after 3 iterations: 8424.0. Best: [[2, 10, 14, 5, 1, 3, 4, 15, 9], [8, 6, 16], [7, 12], [13, 11]]\n"
     ]
    },
    {
     "name": "stderr",
     "output_type": "stream",
     "text": [
      "  8%|▊         | 4/49 [00:25<04:45,  6.34s/it]"
     ]
    },
    {
     "name": "stdout",
     "output_type": "stream",
     "text": [
      "Score after 4 iterations: 7968.0. Best: [[6, 8, 2, 16, 10, 5], [7, 15, 13], [11, 4, 3, 1, 12], [14, 9]]\n"
     ]
    },
    {
     "name": "stderr",
     "output_type": "stream",
     "text": [
      " 12%|█▏        | 6/49 [00:38<04:34,  6.38s/it]"
     ]
    },
    {
     "name": "stdout",
     "output_type": "stream",
     "text": [
      "Score after 6 iterations: 7828.0. Best: [[10, 16, 14, 12, 15, 9], [11, 13, 7, 4, 3, 1], [8, 5], [6, 2]]\n"
     ]
    },
    {
     "name": "stderr",
     "output_type": "stream",
     "text": [
      " 14%|█▍        | 7/49 [00:44<04:24,  6.29s/it]"
     ]
    },
    {
     "name": "stdout",
     "output_type": "stream",
     "text": [
      "Score after 7 iterations: 7716.0. Best: [[13, 11, 7, 3, 15, 12], [9, 14, 16, 2, 6, 5], [10, 8], [4, 1]]\n"
     ]
    },
    {
     "name": "stderr",
     "output_type": "stream",
     "text": [
      " 16%|█▋        | 8/49 [00:51<04:22,  6.39s/it]"
     ]
    },
    {
     "name": "stdout",
     "output_type": "stream",
     "text": [
      "Score after 8 iterations: 7692.000000000001. Best: [[10, 2, 6, 3, 1, 4, 15, 12, 11], [7, 16, 14], [8, 5], [13, 9]]\n"
     ]
    },
    {
     "name": "stderr",
     "output_type": "stream",
     "text": [
      " 18%|█▊        | 9/49 [00:57<04:12,  6.32s/it]"
     ]
    },
    {
     "name": "stdout",
     "output_type": "stream",
     "text": [
      "Score after 9 iterations: 7372.0. Best: [[10, 16, 14, 12, 15, 11], [9, 13, 7, 4, 3, 1], [8, 5], [6, 2]]\n"
     ]
    },
    {
     "name": "stderr",
     "output_type": "stream",
     "text": [
      " 29%|██▊       | 14/49 [01:28<03:38,  6.25s/it]"
     ]
    },
    {
     "name": "stdout",
     "output_type": "stream",
     "text": [
      "Score after 14 iterations: 7192.000000000001. Best: [[5, 2, 10, 6, 8, 16], [13, 15, 11, 3, 4, 1], [7, 12], [9, 14]]\n"
     ]
    },
    {
     "name": "stderr",
     "output_type": "stream",
     "text": [
      " 33%|███▎      | 16/49 [01:39<03:16,  5.95s/it]"
     ]
    },
    {
     "name": "stdout",
     "output_type": "stream",
     "text": [
      "Score after 16 iterations: 7192.0. Best: [[16, 10, 2, 6, 8, 5], [7, 13, 15], [11, 4, 3, 1, 12], [14, 9]]\n"
     ]
    },
    {
     "name": "stderr",
     "output_type": "stream",
     "text": [
      " 35%|███▍      | 17/49 [01:45<03:05,  5.79s/it]"
     ]
    },
    {
     "name": "stdout",
     "output_type": "stream",
     "text": [
      "Score after 17 iterations: 6940.0. Best: [[10, 16, 6, 2, 5, 8], [13, 15, 11, 3, 4, 1], [12, 7], [9, 14]]\n"
     ]
    },
    {
     "name": "stderr",
     "output_type": "stream",
     "text": [
      " 39%|███▉      | 19/49 [01:54<02:37,  5.23s/it]"
     ]
    },
    {
     "name": "stdout",
     "output_type": "stream",
     "text": [
      "Score after 19 iterations: 6848.0. Best: [[7, 3, 4, 11, 15, 12], [14, 16, 10, 6, 2, 1], [8, 5], [9, 13]]\n"
     ]
    },
    {
     "name": "stderr",
     "output_type": "stream",
     "text": [
      " 43%|████▎     | 21/49 [02:03<02:09,  4.64s/it]"
     ]
    },
    {
     "name": "stdout",
     "output_type": "stream",
     "text": [
      "Score after 21 iterations: 6644.0. Best: [[16, 10, 2, 6, 8, 5], [13, 15, 11, 4, 3, 1], [7, 12], [14, 9]]\n"
     ]
    },
    {
     "name": "stderr",
     "output_type": "stream",
     "text": [
      " 47%|████▋     | 23/49 [02:10<01:48,  4.19s/it]"
     ]
    },
    {
     "name": "stdout",
     "output_type": "stream",
     "text": [
      "Score after 23 iterations: 6576.0. Best: [[16, 10, 2, 6, 8, 5], [13, 11, 15, 3, 4, 1], [7, 12], [9, 14]]\n"
     ]
    },
    {
     "name": "stderr",
     "output_type": "stream",
     "text": [
      "100%|██████████| 49/49 [05:15<00:00,  6.44s/it]\n"
     ]
    }
   ],
   "source": [
    "from tqdm import tqdm\n",
    "\n",
    "prev_best_cost = 10000000\n",
    "\n",
    "for i in tqdm(range(1, 50)):\n",
    "    algo.select(keep_share=0.5)\n",
    "    algo.mate()\n",
    "    algo.mutate(delta=5)\n",
    "\n",
    "    cur_best = algo.get_best()\n",
    "\n",
    "    cur_best_cost = cost_function(cur_best)\n",
    "    if cur_best_cost != prev_best_cost:\n",
    "        prev_best_cost = cur_best_cost\n",
    "\n",
    "        print(f\"Score after {i} iterations: {cur_best_cost}. Best: {cur_best}\")"
   ]
  }
 ],
 "metadata": {
  "kernelspec": {
   "display_name": "mmdmlab1-JHMTIYWg-py3.10",
   "language": "python",
   "name": "python3"
  },
  "language_info": {
   "codemirror_mode": {
    "name": "ipython",
    "version": 3
   },
   "file_extension": ".py",
   "mimetype": "text/x-python",
   "name": "python",
   "nbconvert_exporter": "python",
   "pygments_lexer": "ipython3",
   "version": "3.10.12"
  }
 },
 "nbformat": 4,
 "nbformat_minor": 2
}
