{
 "cells": [
  {
   "cell_type": "code",
   "execution_count": 1,
   "metadata": {},
   "outputs": [],
   "source": [
    "import numpy as np\n",
    "\n",
    "from src.state import CouriersGeneticAlgorithmState\n",
    "from src.baseline import BaselineGeneticAlgorithm\n",
    "from src.mutations import courier_mutation\n",
    "from src.crossovers import courier_2_parents_crossover\n",
    "from src.cost_func import DistanceCost"
   ]
  },
  {
   "cell_type": "code",
   "execution_count": 2,
   "metadata": {},
   "outputs": [],
   "source": [
    "POPULATION_SIZE = 2000\n",
    "CAPACITY = [2500, 2000, 1000, 500]\n",
    "DEMAND = [0, 100, 100, 200, 400, 200, 400, 800, 800, 100, 200, 100, 200, 400, 400, 800, 800]\n",
    "RANDOM_STATE = 100\n",
    "\n",
    "SALARY = [100, 100, 100, 100]\n",
    "DIST_MATRIX = [\n",
    "    [0, 5.48, 7.76, 6.96, 5.82, 2.74, 5.02, 1.94, 3.08, 1.94, 5.36, 5.02, 3.88, 3.54, 4.68, 7.76, 6.62],\n",
    "    [5.48, 0, 6.84, 3.08, 1.94, 5.02, 7.30, 3.54, 6.96, 7.42, 10.84, 5.94, 4.80, 6.74, 10.16, 8.68, 12.10],\n",
    "    [7.76, 6.84, 0, 9.92, 8.78, 5.02, 2.74, 8.10, 4.68, 7.42, 4.00, 12.78, 11.64, 11.30, 7.88, 15.52, 7.54],\n",
    "    [6.96, 3.08, 9.92, 0, 1.14, 6.50, 8.78, 5.02, 8.44, 8.90, 12.32, 5.14, 6.28, 8.22, 11.64, 5.60, 13.58],\n",
    "    [5.82, 1.94, 8.78, 1.14, 0, 5.36, 7.64, 3.88, 7.30, 7.76, 11.18, 4.00, 5.14, 7.08, 10.50, 6.74, 12.44],\n",
    "    [2.74, 5.02, 5.02, 6.50, 5.36, 0, 2.28, 3.08, 1.94, 2.40, 5.82, 7.76, 6.62, 6.28, 5.14, 10.50, 7.08],\n",
    "    [5.02, 7.30, 2.74, 8.78, 7.64, 2.28, 0, 5.36, 1.94, 4.68, 3.54, 10.04, 8.90, 8.56, 5.14, 12.78, 4.80],\n",
    "    [1.94, 3.54, 8.10, 5.02, 3.88, 3.08, 5.36, 0, 3.42, 3.88, 7.30, 4.68, 3.54, 3.20, 6.62, 7.42, 8.56],\n",
    "    [3.08, 6.96, 4.68, 8.44, 7.30, 1.94, 1.94, 3.42, 0, 2.74, 3.88, 8.10, 6.96, 6.62, 3.20, 10.84, 5.14],\n",
    "    [1.94, 7.42, 7.42, 8.90, 7.76, 2.40, 4.68, 3.88, 2.74, 0, 3.42, 5.36, 4.22, 3.88, 2.74, 8.10, 4.68],\n",
    "    [5.36, 10.84, 4.00, 12.32, 11.18, 5.82, 3.54, 7.30, 3.88, 3.42, 0, 8.78, 7.64, 7.30, 3.88, 11.52, 3.54],\n",
    "    [5.02, 5.94, 12.78, 5.14, 4.00, 7.76, 10.04, 4.68, 8.10, 5.36, 8.78, 0, 1.14, 3.08, 6.50, 2.74, 8.44],\n",
    "    [3.88, 4.80, 11.64, 6.28, 5.14, 6.62, 8.90, 3.54, 6.96, 4.22, 7.64, 1.14, 0, 1.94, 5.36, 3.88, 7.30],\n",
    "    [3.54, 6.74, 11.30, 8.22, 7.08, 6.28, 8.56, 3.20, 6.62, 3.88, 7.30, 3.08, 1.94, 0, 3.42, 4.22, 5.36],\n",
    "    [4.68, 10.16, 7.88, 11.64, 10.50, 5.14, 5.14, 6.62, 3.20, 2.74, 3.88, 6.50, 5.36, 3.42, 0, 7.64, 1.94],\n",
    "    [7.76, 8.68, 15.52, 5.60, 6.74, 10.50, 12.78, 7.42, 10.84, 8.10, 11.52, 2.74, 3.88, 4.22, 7.64, 0, 7.98],\n",
    "    [6.62, 12.10, 7.54, 13.58, 12.44, 7.08, 4.80, 8.56, 5.14, 4.68, 3.54, 8.44, 7.30, 5.36, 1.94, 7.98, 0]\n",
    "]"
   ]
  },
  {
   "cell_type": "code",
   "execution_count": 3,
   "metadata": {},
   "outputs": [
    {
     "name": "stderr",
     "output_type": "stream",
     "text": [
      "\u001b[32m2024-03-31 22:42:11.198\u001b[0m | \u001b[1mINFO    \u001b[0m | \u001b[36msrc.state\u001b[0m:\u001b[36m__init__\u001b[0m:\u001b[36m77\u001b[0m - \u001b[1mAverage Num retries: 5.524499999999658\u001b[0m\n"
     ]
    }
   ],
   "source": [
    "current_state = CouriersGeneticAlgorithmState(\n",
    "    capacity=CAPACITY,\n",
    "    demand=DEMAND,\n",
    "    population_size=POPULATION_SIZE,\n",
    "    random_state=RANDOM_STATE\n",
    ")"
   ]
  },
  {
   "cell_type": "code",
   "execution_count": 4,
   "metadata": {},
   "outputs": [],
   "source": [
    "cost_function = DistanceCost(\n",
    "    salary=SALARY,\n",
    "    dist_matrix=DIST_MATRIX,\n",
    ")\n",
    "\n",
    "algo = BaselineGeneticAlgorithm(\n",
    "    state=current_state,\n",
    "    eval_functions=[cost_function],\n",
    "    mutation_function=courier_mutation,\n",
    "    mating_function=courier_2_parents_crossover,\n",
    ")"
   ]
  },
  {
   "cell_type": "code",
   "execution_count": 5,
   "metadata": {},
   "outputs": [
    {
     "data": {
      "text/plain": [
       "8764.0"
      ]
     },
     "execution_count": 5,
     "metadata": {},
     "output_type": "execute_result"
    }
   ],
   "source": [
    "cur_best = algo.get_best()\n",
    "\n",
    "cost_function(cur_best[0])"
   ]
  },
  {
   "cell_type": "code",
   "execution_count": 6,
   "metadata": {},
   "outputs": [
    {
     "data": {
      "text/plain": [
       "[[[7, 15, 16, 9], [5, 6, 2, 10, 14, 13, 11, 12], [8, 3], [1, 4]]]"
      ]
     },
     "execution_count": 6,
     "metadata": {},
     "output_type": "execute_result"
    }
   ],
   "source": [
    "algo.select(keep_share=0.5)\n",
    "algo.mate()\n",
    "algo.mutate(delta=0.5)\n",
    "\n",
    "cur_best = algo.get_best()\n",
    "\n",
    "cur_best"
   ]
  },
  {
   "cell_type": "code",
   "execution_count": 7,
   "metadata": {},
   "outputs": [
    {
     "data": {
      "text/plain": [
       "8284.0"
      ]
     },
     "execution_count": 7,
     "metadata": {},
     "output_type": "execute_result"
    }
   ],
   "source": [
    "cost_function(cur_best[0])"
   ]
  },
  {
   "cell_type": "code",
   "execution_count": 8,
   "metadata": {},
   "outputs": [
    {
     "name": "stderr",
     "output_type": "stream",
     "text": [
      "  5%|▌         | 1/19 [00:09<02:56,  9.82s/it]"
     ]
    },
    {
     "name": "stdout",
     "output_type": "stream",
     "text": [
      "Score after 1 iterations: 7944.0. Best: [[1, 3, 15, 11, 4, 8, 9], [12, 13, 10, 16, 14], [7, 5], [6, 2]]\n"
     ]
    },
    {
     "name": "stderr",
     "output_type": "stream",
     "text": [
      " 11%|█         | 2/19 [00:17<02:28,  8.72s/it]"
     ]
    },
    {
     "name": "stdout",
     "output_type": "stream",
     "text": [
      "Score after 2 iterations: 7464.0. Best: [[6, 2, 5, 8, 7, 12], [13, 15, 11, 4, 3, 1], [10, 16], [9, 14]]\n"
     ]
    },
    {
     "name": "stderr",
     "output_type": "stream",
     "text": [
      " 16%|█▌        | 3/19 [00:24<02:03,  7.73s/it]"
     ]
    },
    {
     "name": "stdout",
     "output_type": "stream",
     "text": [
      "Score after 3 iterations: 7100.0. Best: [[8, 16, 10, 2, 6, 5], [7, 4, 3, 1, 11, 13], [15, 12], [14, 9]]\n"
     ]
    },
    {
     "name": "stderr",
     "output_type": "stream",
     "text": [
      " 21%|██        | 4/19 [00:29<01:42,  6.86s/it]"
     ]
    },
    {
     "name": "stdout",
     "output_type": "stream",
     "text": [
      "Score after 4 iterations: 7032.0. Best: [[5, 6, 10, 16, 2, 8], [13, 15, 11, 4, 3, 1], [7, 12], [9, 14]]\n"
     ]
    },
    {
     "name": "stderr",
     "output_type": "stream",
     "text": [
      " 26%|██▋       | 5/19 [00:34<01:25,  6.14s/it]"
     ]
    },
    {
     "name": "stdout",
     "output_type": "stream",
     "text": [
      "Score after 5 iterations: 6644.0. Best: [[8, 16, 10, 2, 6, 5], [13, 15, 11, 4, 3, 1], [12, 7], [9, 14]]\n"
     ]
    },
    {
     "name": "stderr",
     "output_type": "stream",
     "text": [
      " 42%|████▏     | 8/19 [00:44<00:46,  4.19s/it]"
     ]
    },
    {
     "name": "stdout",
     "output_type": "stream",
     "text": [
      "Score after 8 iterations: 6576.0. Best: [[8, 16, 10, 2, 6, 5], [13, 11, 15, 3, 4, 1], [12, 7], [9, 14]]\n"
     ]
    },
    {
     "name": "stderr",
     "output_type": "stream",
     "text": [
      "100%|██████████| 19/19 [01:58<00:00,  6.24s/it]\n"
     ]
    }
   ],
   "source": [
    "from tqdm import tqdm\n",
    "\n",
    "prev_best_cost = 10000000\n",
    "\n",
    "for i in tqdm(range(1, 20)):\n",
    "    algo.select(keep_share=0.2)\n",
    "    algo.mate()\n",
    "    algo.mutate(delta=1)\n",
    "\n",
    "    cur_best = algo.get_best()\n",
    "\n",
    "    cur_best_cost = cost_function(cur_best[0])\n",
    "    if cur_best_cost != prev_best_cost:\n",
    "        prev_best_cost = cur_best_cost\n",
    "\n",
    "        print(f\"Score after {i} iterations: {cur_best_cost}. Best: {cur_best[0]}\")\n"
   ]
  }
 ],
 "metadata": {
  "kernelspec": {
   "display_name": "mmdmlab1-JHMTIYWg-py3.10",
   "language": "python",
   "name": "python3"
  },
  "language_info": {
   "codemirror_mode": {
    "name": "ipython",
    "version": 3
   },
   "file_extension": ".py",
   "mimetype": "text/x-python",
   "name": "python",
   "nbconvert_exporter": "python",
   "pygments_lexer": "ipython3",
   "version": "3.10.12"
  }
 },
 "nbformat": 4,
 "nbformat_minor": 2
}
